Message_id,From,Time_stamp,Text
<3353241.1075855019376.JavaMail.evans@thyme>,freevitamins@customoffers.com,2001-10-23 17:56:50,Choose as many FREE products as you would likeIMAGEIMAGE Remedies available FREE These are only a sample of the remedies available FREE only through FreeVit amins IMAGEExtra Strength Cold and Flu Formula Count Natural S cience Labs This special blend of Echinacea Ginseng and Ginkgo encourage s a healthy and proper immune system The Echinacea acts as a natural antib iotic and works like penicillin in the body IMAGE Retail price IMAGE IMAGEExtra Strength Ginseng Energy Natural Science Labs This private blend contains Ginseng MaHuang and Gota Kola It aids in increasing endurance longevity vitality aids in balancing hormonal activity acts as a sexual stimulant mental physical stimulant normaliz es blood pressure levels helps protect the body against stress strengthen s the endocrine glands stimulates the activity of RNA DNA in your cells IMAGE Retail price IMAGE Prepare your family a gainst Winter illness and improve your health with these amazing deals on h ealth remedies from FreeVitaminscom FreeVitaminscom For Optimal Health If the above links do not work or appear simply copy this URL and paste i t into your browsers address field clickas plnkDemail NRONCOM Your privacy is extremely importan t to us You requested to receive this mailing by registering at CustomOff erscom or by subscribing through one of our marketing partners As a leade r in permissionbased email marketing we are committed to delivering a hig hly rewarding experience with offers that include bargains entertainment and moneymaking ideas However if you wish to unsubscribe click here o r link to unsubscribeaspemidD Thirdp arty offers contained in this email are the sole responsibility of the offe r originator IMAGE 
<12007852.1075855019545.JavaMail.evans@thyme>,freevitamins@customoffers.com,2001-10-23 17:52:34,Choose as many FREE products as you would likeIMAGEIMAGE Remedies available FREE These are only a sample of the remedies available FREE only through FreeVit amins Extra Strength Cold Flu Remedy IMAGEExtra Strength Cold and F lu Formula Count Natural Science Labs This special blend of Echinac ea Ginseng and Ginkgo encourages a healthy and proper immune system The E chinacea acts as a natural antibiotic and works like penicillin in the body IMAGE Retail price Yours FREE plus SH IMAGE IMAGEExtra Strength Ginseng Energy Natural Science Labs This private blend contains Ginseng MaHuang and Gota Kola It aids in increasing endura nce longevity vitality aids in balancing hormonal activity acts as a s exual stimulant mental physical stimulant normalizes blood pressure lev els helps protect the body against stress strengthens the endocrine gland s stimulates the activity of RNA DNA in your cells IMAGE R etail price Yours FREE plus SH IMAGE Prepare your family a gainst Winter illness and improve your health with these amazing deals on h ealth remedies from FreeVitaminscom FreeVitaminscom For Optimal Health If the above links do not work or appear simply copy this URL and paste i t into your browsers address field clickas plnkDemail NRONCOM Your privacy is extremely importan t to us You requested to receive this mailing by registering at CustomOff erscom or by subscribing through one of our marketing partners As a leade r in permissionbased email marketing we are committed to delivering a hig hly rewarding experience with offers that include bargains entertainment and moneymaking ideas However if you wish to unsubscribe click here o r link to unsubscribeaspemidD Thirdp arty offers contained in this email are the sole responsibility of the offe r originator IMAGE 
